A:
 [[5.554 0.252 0.496 0.237]
 [0.58  4.953 0.467 0.028]
 [0.319 0.372 8.935 0.52 ]
 [0.043 0.459 0.319 4.778]]
b:
 [0.442 0.464 0.979 0.126]

x0:
 [0.07958228 0.0936806  0.10956911 0.02637087]

(L+D)^(-1):
 [[ 0.18005041  0.          0.          0.        ]
 [-0.02108404  0.20189784  0.          0.        ]
 [-0.0055504  -0.00840582  0.11191942  0.        ]
 [ 0.00077563 -0.01883417 -0.00747223  0.20929259]]
U:
 [[0.    0.252 0.496 0.237]
 [0.    0.    0.467 0.028]
 [0.    0.    0.    0.52 ]
 [0.    0.    0.    0.   ]]

||(L+D)^(-1)*U||: 0.177 < 1

x:
 [0.066, 0.076, 0.103, 0.012]

k: 2

eps: 0.01

